Raster:
40
100

0000000000000000000000000000000001100000000000000000000000000000000000000000000000000000000000000000
0000000000000000000000000000000111111000000000000000000000000000000000000000000000000000000000000000
0000000000000000000000000000011111111100000000000000000000000000000000000011000000000000000000000000
0000000000000000000000000000001111111110000000000000000000000000000000011111100000000000000000000000
0000000000000000000000000000000011111111000000000000000000000000010001111111111111000010000000000000
0000000000000000000000000000000001111110000000000000111000000000011111111111111111111111111000000000
0000000000000000000000000000000001111100000000000011110110011111101011111111111111111111111111111100
0011111110011110000000000000000011111000000000001110011000111111111111111111111111111111111111100000

0001111111111111111111100000000001110000000000011110111111111111111111111111111111111111110011100000
0011111111111111111111000000000000110000000010000100011111111111111111111111111111111000001100000000
0011100001111111111110000011000000000000000011000000111111111111111111111111111111110000001000000000
0000000000011111111110000011110000000000000001011111111111111111111111111111111111111000000000000000
0000000000001111111111110011111100000000000001111111111111111111111111111111111111111000000000000000
0000000000000111111111111111100010000000000001110001110001100111111111111111111111110000000000000000
0000000000000111111111111111110000000000000111000000001111100111111111111111111111000000000000000000
0000000000000111111111111111000000000000000100010000000011110111111111111111111001000000000000000000

0000000000000011111111111110000000000000000111111000000011111111111111111111111100000000000000000000
0000000000000001111111111100000000000000000111111111111111101111111111111111111100000000000000000000
0000000000000000011111110000000000000000001111111111111001110000011111111111111000000000000000000000
0000000000000000011110000000000000000000011111111111111100111100001110001111000000000000000000000000
0000000000000000001100000000000000000000011111111111111110110000000100000111000000000000000000000000
0000000000000000000111100000000000000000001111111111111111000000000100000011100000000000000000000000
0000000000000000000000110000000000000000000111111111111111110000000000000001000000000000000000000000
0000000000000000000000001100000000000000000000001111111111000000000000000000000000000000000000000000

0000000000000000000000000111100000000000000000000111111110000000000000000000000000000000000000000000
0000000000000000000000000111111100000000000000000011111110000000000000000000000000000000000000000000
0000000000000000000000001111111100000000000000000011111110000000000000000000000000000000000000000000
0000000000000000000000001111111111110000000000000111111110010000000000000000000000000000000000000000
0000000000000000000000000111111111110000000000000011111000110000000000000000000000000110010000000000
0000000000000000000000000011111111110000000000000011111000100000000000000000000000011111111000000000
0000000000000000000000000001111111100000000000000011110000000000000000000000000001111111111000000000
0000000000000000000000000001111110000000000000000001000000000000000000000000000001111111111100000000

0000000000000000000000000001111110000000000000000000000000000000000000000000000001111001111100000000
0000000000000000000000000001111000000000000000000000000000000000000000000000000001000000111100000000
0000000000000000000000000011110000000000000000000000000000000000000000000000000000000000000000000000
0000000000000000000000000011100000000000000000000000000000000000000000000000000000000000001000000000
0000000000000000000000000011000000000000000000000000000000000000000000000000000000000000000000000000
0000000000000000000000000011000000000000000000000000000000000000000000000000000000000000000000000000
0000000000000000000000000010000000000000000000000000000000000000000000000000000000000000000000000000
0000000000000000000000000000000000000000000000000000000000000000000000000000000000000000000000000000
